# Year-round average from NRLMSISE-00 for Cerro Toco
# Altitude (m), Temperature (K), Pressure (mbar), Temperature stddev (K), Pressure stddev (mbar)
5.00000000e+03 2.66504994e+02 5.47000939e+02 4.45300445e-02 1.25688853e+00
6.00000000e+03 2.60006389e+02 4.80683022e+02 4.55306693e-02 1.10458421e+00
7.00000000e+03 2.53329896e+02 4.21023675e+02 4.37357747e-02 9.67655626e-01
8.00000000e+03 2.46497675e+02 3.67465530e+02 3.90069979e-02 8.44786057e-01
9.00000000e+03 2.39534521e+02 3.19497727e+02 3.12680689e-02 7.34754019e-01
1.00000000e+04 2.32467268e+02 2.76650865e+02 2.06205611e-02 6.36410249e-01
1.10000000e+04 2.25419164e+02 2.38496041e+02 7.66047991e-03 5.48747423e-01
1.20000000e+04 2.18848705e+02 2.04674335e+02 5.38479387e-03 4.70941342e-01
1.30000000e+04 2.13197214e+02 1.74895502e+02 1.65962401e-02 4.02353845e-01
1.40000000e+04 2.08819278e+02 1.48896552e+02 2.45651889e-02 3.42433654e-01
1.50000000e+04 2.06029711e+02 1.26414698e+02 2.82106280e-02 2.90629178e-01
1.60000000e+04 2.05011985e+02 1.07170980e+02 2.68585580e-02 2.46318719e-01
1.70000000e+04 2.05438600e+02 9.08424611e+01 2.16466305e-02 2.08754812e-01
1.80000000e+04 2.06901037e+02 7.70660312e+01 1.39753255e-02 1.77082703e-01
1.90000000e+04 2.09009462e+02 6.54762464e+01 5.22714308e-03 1.50446378e-01
2.00000000e+04 2.11359519e+02 5.57299725e+01 3.07733109e-03 1.28049113e-01
2.10000000e+04 2.13594244e+02 4.75200376e+01 9.38961871e-03 1.09184445e-01
2.20000000e+04 2.15652668e+02 4.05861638e+01 1.36632650e-02 9.32530834e-02
2.30000000e+04 2.17553396e+02 3.47157226e+01 1.61855548e-02 7.97681658e-02
2.40000000e+04 2.19317553e+02 2.97347383e+01 1.73460871e-02 6.83279239e-02
2.50000000e+04 2.20968637e+02 2.55002367e+01 1.75331923e-02 5.86039562e-02
2.60000000e+04 2.22532273e+02 2.18941463e+01 1.71763715e-02 5.03228317e-02
2.70000000e+04 2.24035935e+02 1.88185731e+01 1.67795968e-02 4.32607898e-02
2.80000000e+04 2.25508807e+02 1.61919951e+01 1.68067809e-02 3.72294531e-02
2.90000000e+04 2.26981765e+02 1.39462921e+01 1.77801508e-02 3.20727738e-02
3.00000000e+04 2.28487196e+02 1.20243209e+01 2.02407650e-02 2.76599141e-02
3.10000000e+04 2.30059248e+02 1.03780024e+01 2.47584117e-02 2.38810874e-02
3.20000000e+04 2.31733947e+02 8.96676284e+00 3.19740877e-02 2.06435982e-02
3.30000000e+04 2.33558985e+02 7.75627180e+00 4.18484209e-02 1.78699346e-02
3.40000000e+04 2.35603854e+02 6.71752147e+00 5.37319165e-02 1.55051821e-02
3.50000000e+04 2.37845568e+02 5.82573391e+00 7.46454591e-02 1.35034094e-02
3.60000000e+04 2.40246261e+02 5.05956274e+00 1.06433934e-01 1.18168144e-02
3.70000000e+04 2.42765197e+02 4.40067018e+00 1.45180520e-01 1.03994849e-02
3.80000000e+04 2.45358303e+02 3.83335603e+00 1.85528518e-01 9.20858774e-03
3.90000000e+04 2.47977598e+02 3.34419946e+00 2.21863817e-01 8.20516629e-03
4.00000000e+04 2.50570981e+02 2.92176099e+00 2.48327827e-01 7.35234945e-03
4.10000000e+04 2.53082117e+02 2.55629404e+00 2.58758639e-01 6.61597420e-03
4.20000000e+04 2.55450510e+02 2.23951058e+00 2.46734318e-01 5.96407150e-03
4.30000000e+04 2.57612054e+02 1.96436450e+00 2.05818390e-01 5.36857734e-03
4.40000000e+04 2.59499779e+02 1.72486722e+00 1.30811151e-01 4.80644478e-03
4.50000000e+04 2.61044957e+02 1.51593384e+00 4.52428490e-02 4.26061642e-03
4.60000000e+04 2.62189549e+02 1.33324942e+00 1.69080445e-01 3.72191257e-03
4.70000000e+04 2.62920887e+02 1.17316466e+00 3.56132569e-01 3.19383171e-03
4.80000000e+04 2.63240929e+02 1.03260668e+00 5.46772125e-01 2.69354162e-03
4.90000000e+04 2.63155460e+02 9.08975779e-01 7.14805481e-01 2.24574545e-03
5.00000000e+04 2.62673911e+02 8.00068381e-01 8.35811715e-01 1.87513942e-03
5.10000000e+04 2.61809116e+02 7.04006723e-01 8.86709938e-01 1.59696724e-03
5.20000000e+04 2.60577111e+02 6.19185409e-01 8.46218823e-01 1.40612793e-03
5.30000000e+04 2.58996809e+02 5.44226818e-01 6.95336031e-01 1.27437954e-03
5.40000000e+04 2.57089773e+02 4.77945064e-01 4.17731400e-01 1.16235791e-03
5.50000000e+04 2.54879840e+02 4.19314644e-01 1.56416369e-03 1.03807573e-03
5.60000000e+04 2.52398997e+02 3.67445776e-01 5.61068728e-01 8.89712723e-04
5.70000000e+04 2.49704191e+02 3.21567077e-01 1.23860941e+00 7.37678563e-04
5.80000000e+04 2.46855651e+02 2.81008067e-01 2.00022496e+00 6.49409238e-04
5.90000000e+04 2.43909412e+02 2.45182537e-01 2.81619014e+00 7.11748075e-04
6.00000000e+04 2.40916826e+02 2.13574289e-01 3.65992696e+00 9.19987790e-04
6.10000000e+04 2.37924331e+02 1.85726233e-01 4.50815218e+00 1.19997629e-03
6.20000000e+04 2.34973515e+02 1.61231135e-01 5.34083958e+00 1.49640531e-03
6.30000000e+04 2.32101331e+02 1.39723467e-01 6.14099981e+00 1.78088328e-03
6.40000000e+04 2.29340551e+02 1.20876620e-01 6.89437118e+00 2.03423586e-03
6.50000000e+04 2.26720281e+02 1.04397744e-01 7.58901641e+00 2.24334386e-03
6.60000000e+04 2.24266461e+02 9.00211360e-02 8.21492165e+00 2.40307523e-03
6.70000000e+04 2.22002498e+02 7.75071134e-02 8.76354306e+00 2.51192984e-03
6.80000000e+04 2.19949962e+02 6.66394259e-02 9.22739540e+00 2.57116075e-03
6.90000000e+04 2.18129049e+02 5.72231884e-02 9.59959571e+00 2.58406748e-03
7.00000000e+04 2.16559375e+02 4.90830906e-02 9.87345425e+00 2.55537857e-03
7.10000000e+04 2.15260556e+02 4.20617700e-02 1.00420378e+01 2.49071152e-03
7.20000000e+04 2.14252958e+02 3.60184349e-02 1.00977087e+01 2.39612432e-03
7.30000000e+04 2.13452760e+02 3.09469455e-02 1.00245517e+01 2.28934986e-03
7.40000000e+04 2.12265250e+02 2.64692125e-02 9.78520102e+00 2.15143783e-03
7.50000000e+04 2.10651216e+02 2.26179257e-02 9.40951829e+00 2.00041139e-03
7.60000000e+04 2.08681704e+02 1.93025870e-02 8.94702267e+00 1.84114251e-03
7.70000000e+04 2.06427737e+02 1.64478439e-02 8.45175823e+00 1.67817851e-03
7.80000000e+04 2.03957522e+02 1.39902778e-02 7.97618272e+00 1.51557968e-03
7.90000000e+04 2.01334874e+02 1.18762320e-02 7.56509509e+00 1.35682105e-03
8.00000000e+04 1.98618006e+02 1.00598754e-02 7.24944732e+00 1.20472699e-03
8.10000000e+04 1.95859141e+02 8.50182520e-03 7.04151799e+00 1.06145548e-03
8.20000000e+04 1.93104427e+02 7.16800549e-03 6.93372389e+00 9.28519911e-04
8.30000000e+04 1.90394332e+02 6.02876871e-03 6.90244134e+00 8.06839748e-04
8.40000000e+04 1.87764321e+02 5.05824537e-03 6.91539960e+00 6.96819087e-04
8.50000000e+04 1.85245519e+02 4.23375188e-03 6.93962697e+00 5.98427975e-04
8.60000000e+04 1.82865627e+02 3.53538753e-03 6.94771807e+00 5.11297832e-04
8.70000000e+04 1.80649886e+02 2.94567086e-03 6.92217572e+00 4.34810203e-04
8.80000000e+04 1.78621979e+02 2.44925285e-03 6.85891882e+00 3.68180381e-04
8.90000000e+04 1.76805013e+02 2.03266764e-03 6.77145208e+00 3.10529211e-04
9.00000000e+04 1.75222709e+02 1.68414669e-03 6.69682548e+00 2.60946284e-04
9.10000000e+04 1.73900342e+02 1.39342876e-03 6.70331466e+00 2.18536577e-04
9.20000000e+04 1.72863923e+02 1.15160603e-03 6.87174090e+00 1.82465879e-04
9.30000000e+04 1.72138105e+02 9.50989546e-04 7.24203592e+00 1.51977117e-04
9.40000000e+04 1.71746194e+02 7.84967843e-04 7.79992587e+00 1.26376186e-04
9.50000000e+04 1.71710806e+02 6.47884671e-04 8.49010884e+00 1.05020655e-04
9.60000000e+04 1.72055016e+02 5.34924892e-04 9.23685945e+00 8.73133730e-05
9.70000000e+04 1.72803735e+02 4.42007295e-04 9.95804683e+00 7.27006750e-05
9.80000000e+04 1.73985845e+02 3.65689478e-04 1.05700374e+01 6.06746207e-05
9.90000000e+04 1.75636927e+02 3.03079764e-04 1.09874582e+01 5.07771632e-05
1.00000000e+05 1.77803190e+02 2.51760502e-04 1.11220490e+01 4.26049595e-05
