# Freq, w_f, x_f, w_s, x_s from Rosenkranz 1998; b_1-b_6 from Liebe 1993
# Freq, w_f (GHz kPa^-1), x_f, w_s (GHz kPa^-1), x_s, b_1 (kHz mbar^-1), b_2, b_3 (MHz mbar^-1), b_4, b_5, b_6
 22.2351   0.0281   0.69   0.1349   0.61    0.01130   2.143   2.811   4.80   0.69   1.00
183.3101   0.0281   0.64   0.1491   0.85    0.24200   0.668   3.050   5.30   0.64   0.85
321.2256   0.0230   0.67   0.1080   0.54    0.00483   6.181   2.303   4.69   0.67   0.54
325.1529   0.0278   0.68   0.1350   0.74    0.14990   1.540   2.783   4.85   0.68   0.74
380.1974   0.0287   0.54   0.1541   0.89    1.15200   1.048   2.873   5.38   0.54   0.89
439.1508   0.0210   0.63   0.0900   0.52    0.09218   3.596   2.100   4.29   0.63   0.52
443.0183   0.0186   0.60   0.0788   0.50    0.01976   5.050   1.860   4.23   0.60   0.50
448.0011   0.0263   0.66   0.1275   0.67    1.03200   1.405   2.632   4.84   0.66   0.67
470.8889   0.0215   0.66   0.0983   0.65    0.03297   3.599   2.152   4.57   0.66   0.65
474.6891   0.0236   0.65   0.1095   0.64    0.12620   2.381   2.355   4.65   0.65   0.64
488.4911   0.0260   0.69   0.1313   0.72    0.02520   2.853   2.602   5.04   0.69   0.72
556.9360   0.0321   0.69   0.1320   1.00   48.74000   0.159   3.210   4.11   0.69   1.00
620.7008   0.0244   0.71   0.1140   0.68    0.50120   2.200   2.438   4.68   0.71   0.68
752.0332   0.0306   0.68   0.1253   0.84   23.96000   0.396   3.060   4.09   0.68   0.84
916.1716   0.0267   0.70   0.1275   0.78    0.83410   1.442   2.670   4.78   0.70   0.78
