# From HITRAN (retrieved 2019-03-18)
# Wavenumber [cm^-1], S(296) [cm^-1 / (molec.cm^-2)], E_low [cm^-1]
 0.741691   4.454e-25    446.5107
 6.114567   7.736e-23    136.1639
10.714931   2.554e-24   1282.9188
10.84594    9.077e-23    315.7795
12.682023   8.262e-22    212.1564
14.6485     7.128e-23    742.0762
14.777502   1.481e-23   1045.0578
14.943711   8.633e-22    285.4186
15.707169   2.734e-23    742.073
15.83393    1.09e-22     488.1342
16.294303   2.211e-23    586.4792
18.577385   5.238e-20     23.7944
20.704358   5.672e-22    488.1077
25.085124   3.454e-20     70.0908
30.560189   1.426e-21    285.2193
