# From HITRAN (retrieved 2019-03-18)
# Wavenumber [cm^-1], S(296) [cm^-1 / (molec.cm^-2)], e_low [cm^-1]
3.96108524   1e-25          0.0
1.87679109   2.739e-26      2.0843
2.08431726   8.404e-26     16.2529
1.94956857   7.543e-26     16.3876
2.01159371   1.133e-25     42.2001
1.98774146   1.113e-25     42.224
1.97350558   1.255e-25     79.607
2.01588742   1.313e-25     79.5646
1.94547524   1.224e-25    128.492
2.03976339   1.348e-25    128.3977
1.92174575   1.081e-25    188.8531
2.06143155   1.245e-25    188.7134
1.900255     8.764e-26    260.6824
2.08181435   1.053e-25    260.5009
1.88008054   6.577e-26    343.9694
2.10138662   8.223e-26    343.7481
1.86074762   4.593e-26    438.701
2.12041779   5.969e-26    438.4413
1.84198685   2.995e-26    544.8622
2.13907226   4.042e-26    544.5651
1.82363389   1.828e-26    662.4359
2.1574561    2.561e-26    662.102
1.80558278   1.047e-26    791.4031
2.17564084   1.521e-26    791.0331
1.78776203   5.631e-27    931.7431
2.19367658   8.487e-27    931.3372
1.77012167   2.849e-27   1083.4332
2.21159948   4.452e-27   1082.9917
1.75262564   1.357e-27   1246.4486
2.22943631   2.198e-27   1245.9718
1.73524727   6.086e-28   1420.7631
2.24720742   1.022e-27   1420.2511
1.71796638   2.574e-28   1606.3482
2.26492852   4.481e-28   1605.8012
1.70076739   1.027e-28   1803.1737
2.282612     1.853e-28   1802.5919
1.68363807   3.869e-29   2011.2077
2.3002678    7.232e-29   2010.5911
