# Makarov, Tretyakov, Rosenkranz 2011
# N, y0 (bar^-1), y1 (bar^-1), g0 (bar^-2), g1 (bar^-2), dnu0 (GHz bar^-2), dnu1 (GHz bar^-2)
 -1   -0.041     0.000     0.000      0.000     0.000       0.000
  1    0.265    -0.0132   -0.0835     0.00843   0.00545     0.0017
 -3   -0.354     0.0582   -0.0947     0.0234   -0.0175     -0.0013
  3    0.53     -0.0981   -0.218      0.0596    0.0286      0.00107
 -5   -0.547     0.114    -0.16       0.0326   -0.043      -0.00444
  5    0.589    -0.153    -0.162      0.041     0.0491      0.00493
 -7   -0.359    -0.0494    0.0197     0.0174   -0.0229     -0.0529
  7    0.276     0.0476    0.132      0.039     0.0162      0.061
 -9   -0.0942    0.186     0.128      0.262    -0.000866   -0.0193
  9   -0.0124   -0.235     0.166      0.305    -0.00609     0.0168
-11    0.0647    0.611     0.0883     0.126    -0.00115     0.0393
 11   -0.155    -0.674     0.0713     0.0799   -0.00256    -0.0448
-13    0.224     0.628     0.0735    -0.156     0.00221     0.0247
 13   -0.299    -0.662     0.0582    -0.216    -0.00447    -0.0265
-15    0.365     0.583    -0.00369   -0.253     0.00605     0.0102
 15   -0.426    -0.598     0.00439   -0.296    -0.00746    -0.0106
-17    0.466     0.596    -0.0213    -0.287     0.00675     0.0104
 17   -0.515    -0.6      -0.0634    -0.324    -0.00762    -0.0105
-19    0.546     0.617    -0.0868    -0.374     0.00732     0.0163
 19   -0.587    -0.615    -0.105     -0.394    -0.00784    -0.0163
-21    0.608     0.515    -0.114     -0.393     0.00802     0.00835
 21   -0.642    -0.509    -0.134     -0.4      -0.00833    -0.00815
-23    0.64      0.406    -0.163     -0.329     0.00696     0.000922
 23   -0.668    -0.399    -0.174     -0.328    -0.00714    -0.00076
-25    0.655     0.348    -0.186     -0.261     0.00517    -0.00174
 25   -0.679    -0.34     -0.195     -0.258    -0.00526     0.00184
-27    0.669     0.335    -0.179     -0.237     0.00368    -0.0015
 27   -0.689    -0.327    -0.186     -0.232    -0.00376     0.00157
-29    0.689     0.342    -0.184     -0.244     0.00277    -0.000561
 29   -0.706    -0.332    -0.189     -0.239    -0.00283     0.000641
-31    0.715     0.346    -0.197     -0.262     0.0023     -0.0000939
 31   -0.729    -0.336    -0.2       -0.254    -0.00235     0.000173
-33    0.743     0.344    -0.212     -0.278     0.00209    -0.0000366
 33   -0.754    -0.334    -0.214     -0.268    -0.00211     0.000099
-35    0.771     0.338    -0.227     -0.295     0.00194    -0.000156
 35   -0.78     -0.327    -0.228     -0.283    -0.00197     0.000224
-37    0.802     0.32     -0.215     -0.354     0.00199    -0.000708
 37   -0.807    -0.309    -0.216     -0.336    -0.00199     0.000743
