# From Larsson et al. (2019), Table 2
# N, g_s for N = J - 1, g_s for N = J, g_s for N = J + 1
 1   1.839435   1.0011     -0.838219
 2   0.970122   0.333777   -0.636229
 3   0.656846   0.166947   -0.489783
 4   0.495924   0.100214   -0.395594
 5   0.398126   0.066848   -0.331162
 6   0.33246    0.047782   -0.284562
 7   0.285348   0.035865   -0.249366
 8   0.24991    0.027921   -0.221873
 9   0.222292   0.02236    -0.199816
10   0.200164   0.018316   -0.181733
11   0.18204    0.015282   -0.166642
12   0.166924   0.012949   -0.153859
13   0.154125   0.011116   -0.142893
14   0.143148   0.009649   -0.133383
15   0.133631   0.008458   -0.125058
16   0.125301   0.007476   -0.117708
17   0.117948   0.006658   -0.111174
18   0.111411   0.00597    -0.105325
19   0.10556    0.005384   -0.10006
20   0.100294   0.004883   -0.095295
21   0.095528   0.004449   -0.090963
22   0.091196   0.004072   -0.087007
23   0.087239   0.003743   -0.08338
24   0.083612   0.003453   -0.080043
25   0.080274   0.003196   -0.076962
26   0.077194   0.002968   -0.07411
27   0.074341   0.002764   -0.07146
28   0.071691   0.002582   -0.068994
29   0.069224   0.002417   -0.066691
30   0.066922   0.002269   -0.064537
31   0.064768   0.002134   -0.062518
32   0.062749   0.002012   -0.060621
33   0.060852   0.0019     -0.058835
34   0.059066   0.001798   -0.057152
35   0.057382   0.001705   -0.055561
36   0.055792   0.001619   -0.054057
37   0.054288   0.00154    -0.052632
